 point	      x	      y	  slice
     0	   1333	    113	      1
     1	   1301	    139	      1
     2	   1345	    157	      1
     3	   1324	    164	      1
     4	   1241	    169	      1
     5	   1257	    190	      1
     6	   1308	    191	      1
     7	   1350	    197	      1
     8	   2678	    251	      1
     9	   2640	    296	      1
    10	   2607	    311	      1
    11	   2546	    329	      1
    12	   2607	    339	      1
    13	   2760	    346	      1
    14	   1491	    353	      1
    15	   2567	    366	      1
    16	   2532	    373	      1
    17	   2603	    376	      1
    18	   2622	    380	      1
    19	   1534	    384	      1
    20	   1491	    385	      1
    21	   2558	    393	      1
    22	   2646	    401	      1
    23	   1556	    413	      1
    24	   2600	    412	      1
    25	   1475	    432	      1
    26	   1534	    433	      1
    27	   2519	    432	      1
    28	   1603	    444	      1
    29	   2520	    458	      1
    30	   2611	    472	      1
    31	   2658	    474	      1
    32	   2476	    487	      1
    33	   2504	    526	      1
    34	   2643	    547	      1
    35	   2618	    549	      1
    36	   2439	    566	      1
    37	   2413	    578	      1
    38	   2627	    594	      1
    39	   2400	    609	      1
    40	   2321	    615	      1
    41	   2274	    624	      1
    42	   2412	    635	      1
    43	   2418	    650	      1
    44	   2321	    673	      1
    45	   2350	    689	      1
    46	   4310	    715	      1
    47	   2327	    715	      1
    48	   2364	    719	      1
    49	   2306	    721	      1
    50	   2219	    737	      1
    51	   2266	    738	      1
    52	   4330	    739	      1
    53	   4306	    760	      1
    54	   2321	    757	      1
    55	   2345	    761	      1
    56	   2212	    769	      1
    57	   2245	    772	      1
    58	   4312	    782	      1
    59	   4344	    799	      1
    60	   2432	    812	      1
    61	   4308	    821	      1
    62	   2255	    823	      1
    63	   2232	    841	      1
    64	   2213	    851	      1
    65	   2253	    862	      1
    66	   2166	    865	      1
    67	   2384	    871	      1
    68	   2436	    870	      1
    69	   2462	    875	      1
    70	   2222	    878	      1
    71	   3166	    892	      1
    72	   3146	    920	      1
    73	   3189	    938	      1
    74	   3415	    941	      1
    75	   3151	    950	      1
    76	   3185	    968	      1
    77	   3427	    971	      1
    78	   3408	    992	      1
    79	   3295	    998	      1
    80	   3380	    999	      1
    81	   3193	   1012	      1
    82	   3349	   1012	      1
    83	   3373	   1016	      1
    84	   3224	   1022	      1
    85	   3308	   1020	      1
    86	   3279	   1027	      1
    87	   3354	   1041	      1
    88	   3321	   1051	      1
    89	   3293	   1064	      1
    90	   3325	   1071	      1
    91	   3361	   1076	      1
    92	   3374	   1076	      1
    93	   4742	   1098	      1
    94	   3963	   1117	      1
    95	   4760	   1137	      1
    96	   4677	   1145	      1
    97	   4653	   1164	      1
    98	   3981	   1180	      1
    99	   4695	   1193	      1
   100	   4660	   1196	      1
   101	   4601	   1202	      1
   102	   4641	   1206	      1
   103	   4582	   1209	      1
   104	   3010	   1223	      1
   105	   4555	   1228	      1
   106	   4579	   1234	      1
   107	   4606	   1236	      1
   108	   3029	   1251	      1
   109	   4576	   1250	      1
   110	   3045	   1280	      1
   111	   3033	   1295	      1
   112	   2962	   1299	      1
   113	   2983	   1301	      1
   114	   2961	   1336	      1
   115	   4406	   1338	      1
   116	   2927	   1357	      1
   117	   2949	   1360	      1
   118	   2988	   1364	      1
   119	   2581	   1388	      1
   120	   2552	   1399	      1
   121	   3405	   1398	      1
   122	   3430	   1398	      1
   123	   3477	   1402	      1
   124	   2928	   1408	      1
   125	   4390	   1410	      1
   126	   4441	   1410	      1
   127	   3488	   1420	      1
   128	   4425	   1423	      1
   129	   4397	   1426	      1
   130	   3452	   1426	      1
   131	   4334	   1440	      1
   132	   2662	   1616	      1
   133	   2639	   1631	      1
   134	   2644	   1675	      1
   135	   2675	   1730	      1
   136	   4135	   1877	      1
   137	   4112	   1902	      1
   138	   3417	   2091	      1
   139	   3438	   2107	      1
   140	   3469	   2124	      1
   141	   4615	   2498	      1
   142	   4661	   2515	      1
   143	   4638	   2515	      1
   144	   4556	   2519	      1
   145	   4584	   2523	      1
   146	   4597	   2544	      1
   147	   4568	   2549	      1
   148	   4622	   2568	      1
   149	   4590	   2573	      1
   150	   3567	   2582	      1
   151	   3613	   2634	      1
   152	   4551	   2642	      1
   153	   4512	   2666	      1
   154	   3603	   2675	      1
   155	   3561	   2674	      1
   156	   4462	   2680	      1
   157	   3590	   2703	      1
   158	   3546	   2822	      1
   159	   2377	   2827	      1
   160	   3078	   2847	      1
   161	   2391	   2853	      1
   162	   2413	   2859	      1
   163	   3085	   2895	      1
   164	   2342	   2905	      1
   165	   2383	   2954	      1
   166	   1541	   3056	      1
   167	   1578	   3054	      1
   168	   2838	   3080	      1
   169	   1595	   3086	      1
   170	   1614	   3089	      1
   171	   2869	   3096	      1
   172	   1593	   3114	      1
   173	   2834	   3149	      1
   174	   1539	   3161	      1
   175	   3874	   3204	      1
   176	   3854	   3236	      1
   177	   2348	   3239	      1
   178	   3875	   3250	      1
   179	   3898	   3261	      1
   180	   5065	   3269	      1
   181	   5088	   3271	      1
   182	   2356	   3284	      1
   183	   5093	   3303	      1
   184	   5651	   3457	      1
   185	   2808	   3462	      1
   186	   2844	   3465	      1
   187	   5731	   3465	      1
   188	   5674	   3477	      1
   189	   5774	   3485	      1
   190	   5712	   3496	      1
   191	   4966	   3541	      1
   192	   4460	   3544	      1
   193	   4914	   3551	      1
   194	   4935	   3552	      1
   195	   4962	   3591	      1
   196	   4986	   3596	      1
   197	   4935	   3599	      1
   198	   5015	   3619	      1
   199	   4935	   3635	      1
   200	   4982	   3643	      1
   201	   2710	   3790	      1
   202	   2810	   3845	      1
   203	   1871	   3870	      1
   204	   1839	   3883	      1
   205	   2759	   3899	      1
   206	   3554	   4017	      1
   207	   3567	   4032	      1
   208	   3516	   4046	      1
   209	   4782	   4269	      1
   210	   5840	   4456	      1
   211	   5534	   4454	      1
   212	   5802	   4460	      1
   213	   5876	   4468	      1
   214	   5912	   4468	      1
   215	   5834	   4477	      1
   216	   5861	   4495	      1
   217	   4391	   4503	      1
   218	   5942	   4503	      1
   219	   5516	   4512	      1
   220	   4385	   4524	      1
   221	   4419	   4540	      1
   222	   5486	   4549	      1
   223	   4381	   4552	      1
   224	   4360	   4570	      1
   225	   5452	   4576	      1
   226	   4424	   4590	      1
   227	   5481	   4582	      1
   228	   4400	   4602	      1
   229	   4014	   4603	      1
   230	   2294	   4611	      1
   231	   5478	   4627	      1
   232	   2262	   4630	      1
   233	   4001	   4639	      1
   234	   2254	   4642	      1
   235	   3750	   4647	      1
   236	   4019	   4653	      1
   237	   2296	   4655	      1
   238	   3822	   4656	      1
   239	   2343	   4667	      1
   240	   3705	   4667	      1
   241	   3821	   4693	      1
   242	   3775	   4698	      1
   243	   3815	   4711	      1
   244	   3788	   4729	      1
   245	   3846	   4748	      1
   246	   3222	   4814	      1
   247	   3201	   4826	      1
   248	   3165	   4834	      1
   249	   3198	   4845	      1
   250	   2798	   4861	      1
   251	   2756	   4865	      1
   252	   3194	   4868	      1
   253	   3182	   4874	      1
   254	   2745	   4928	      1
   255	   4144	   4994	      1
   256	   4664	   5069	      1
   257	   3409	   5319	      1
   258	   3413	   5353	      1
   259	   1892	   5539	      1
   260	   1911	   5540	      1
   261	   1908	   5579	      1
   262	   1881	   5581	      1
   263	   2554	   5582	      1
   264	   4641	   5593	      1
   265	   1878	   5599	      1
   266	   2544	   5608	      1
   267	   1900	   5620	      1
   268	   2511	   5629	      1
   269	   2560	   5625	      1
   270	   4583	   5635	      1
   271	   4602	   5635	      1
   272	   2515	   5659	      1
   273	   2878	   5679	      1
   274	   2872	   5694	      1
   275	   2857	   5702	      1
   276	   3741	   5703	      1
   277	   2880	   5711	      1
   278	   2915	   5726	      1
   279	   3773	   5765	      1
   280	   2860	   5771	      1
   281	   3804	   5800	      1
   282	   2817	   5802	      1
   283	   2307	   5812	      1
   284	   3784	   5826	      1
   285	   2271	   5832	      1
   286	   2239	   5834	      1
   287	   2274	   5858	      1
   288	   3095	   5873	      1
   289	   3061	   5923	      1
   290	   2258	   5926	      1
   291	   3402	   6521	      1
   292	   2843	   6557	      1
   293	   3405	   6555	      1
   294	   2879	   6561	      1
   295	   2807	   6565	      1
   296	   2911	   6571	      1
   297	   3417	   6586	      1
   298	   2857	   6589	      1
   299	   2890	   6594	      1
   300	   3534	   6599	      1
   301	   3480	   6612	      1
   302	   3514	   6612	      1
   303	   3472	   6634	      1
   304	   3567	   6667	      1
   305	   3575	   6708	      1
   306	   3607	   6717	      1
   307	   3652	   6722	      1
   308	   4051	   7129	      1
   309	   4014	   7141	      1
   310	   1272	    154	      1
   311	   1341	    192	      1
   312	   2350	    598	      1
   313	   2192	    820	      1
   314	   4582	   2658	      1
   315	   2296	   4129	      1
   316	   2736	   3951	      1
   317	   2796	   3911	      1
   318	   2712	   3831	      1
   319	   2692	   3811	      1
   320	   2946	   3285	      1
   321	   2930	   3271	      1
   322	   2900	   3287	      1
   323	   2756	   4902	      1
   324	   2738	   4886	      1
   325	   2720	   4886	      1
   326	   4149	   4962	      1
   327	   4172	   4966	      1
   328	   1344	   6247	      1
   329	   1358	   6241	      1
   330	   1432	   6233	      1
   331	   2338	   5811	      1
   332	   2358	   5829	      1
   333	   3077	   5899	      1
   334	   3051	   5903	      1
   335	   3780	   5785	      1
   336	   4129	   7104	      1
   337	   4084	   7128	      1
   338	   4097	   7104	      1
   339	   4097	   7088	      1
   340	   3560	   6799	      1
   341	   3558	   6779	      1
   342	   3596	   6776	      1
   343	   3560	   6819	      1
